0.213294
0.210068
0.206837
0.203599
0.200356
0.197106
0.193851
0.19059
0.187323
0.18405
0.180771
0.177487
0.174197
0.170901
0.1676
0.164294
0.160982
0.157665
0.154342
0.151014
0.147681
0.144343
0.141
0.137651
0.134298
0.13094
0.127577
0.124209
0.120836
0.117459
0.114077
0.110691
0.1073
0.103904
0.100504
0.0971002
0.0936918
0.0902791
0.0868623
0.0834414
0.0800165
0.0765876
0.0731547
0.0697181
0.0662777
0.0628335
0.0593857
0.0559343
0.0524794
0.0490211
0.0455593
0.0420942
0.0386258
0.0351543
0.0316796
0.0282018
0.024721
0.0212373
0.0177507
0.0142613
0.0107692
0.00727442
0.00377702
0.000277093
